Actuator disc model data for turbine  2 :
--------------------------------------------
    Time      Ur        Uinf      Ct_adm    a        Yaw(deg)  Thrust     Power     wf_power  
    1.730     8.404     8.404     0.790     0.271     0.000  655836.5  5511338.6  *********
    2.595     7.793    10.688     0.776     0.263     0.000  543928.3  4238862.7  8302987.0
    3.460     7.469    10.141     0.789     0.270     0.000  516885.1  3860729.9  7482792.2
    4.316     7.287     9.983     0.790     0.271     0.000  493568.5  3596415.9  6911991.3
    5.159     7.177     9.843     0.790     0.271     0.000  478649.0  3435045.5  6561746.0
    6.000     7.090     9.724     0.790     0.271     0.000  467163.2  3312187.0  6293764.4
    6.845     7.011     9.616     0.790     0.271     0.000  456848.8  3203055.7  6063014.4
    7.689     6.942     9.521     0.790     0.271     0.000  447837.9  3108816.8  5870399.4
    8.538     6.884     9.442     0.790     0.271     0.000  440366.1  3031522.1  5715859.8
    9.391     6.837     9.376     0.790     0.271     0.000  434248.5  2968799.6  5591481.8
   10.247     6.795     9.319     0.790     0.271     0.000  428907.3  2914389.7  5483858.9
   11.109     6.754     9.264     0.790     0.271     0.000  423759.5  2862205.4  5381462.8
   11.972     6.713     9.207     0.790     0.271     0.000  418567.8  2809822.2  5279980.8
   12.834     6.671     9.150     0.790     0.271     0.000  413394.7  2757882.3  5180137.3
   13.695     6.631     9.095     0.790     0.271     0.000  408469.7  2708675.1  5085023.4
   14.557     6.595     9.045     0.790     0.271     0.000  404030.4  2664518.2  4997630.8
   15.420     6.563     9.002     0.790     0.271     0.000  400242.4  2626983.0  4919942.5
   16.286     6.538     8.966     0.790     0.271     0.000  397137.2  2596314.0  4852008.1
   17.153     6.517     8.938     0.790     0.271     0.000  394641.9  2571735.7  4792479.4
   18.020     6.499     8.914     0.790     0.271     0.000  392588.1  2551544.4  4738482.5
   18.887     6.484     8.893     0.790     0.271     0.000  390772.5  2533697.5  4686406.0
   19.754     6.469     8.872     0.790     0.271     0.000  389028.3  2516509.8  4632979.9
   20.621     6.453     8.851     0.790     0.271     0.000  387280.0  2499198.3  4576216.1
   21.488     6.438     8.829     0.790     0.271     0.000  385556.1  2482039.5  4515867.5
   22.355     6.423     8.809     0.790     0.271     0.000  383958.8  2466099.6  4453235.5
   23.222     6.411     8.792     0.790     0.271     0.000  382621.7  2452817.5  4390624.7
   24.089     6.402     8.781     0.790     0.271     0.000  381692.2  2443748.3  4330875.7
   24.956     6.400     8.777     0.790     0.271     0.000  381328.3  2440430.6  4277815.6
   25.824     6.404     8.783     0.790     0.271     0.000  381669.6  2444088.0  4236123.2
   26.692     6.414     8.797     0.790     0.271     0.000  382765.2  2455037.9  4204343.3
   27.560     6.429     8.818     0.790     0.271     0.000  384507.2  2472183.7  4183325.6
   28.429     6.448     8.844     0.790     0.271     0.000  386639.5  2493115.3  4195429.2
   29.297     6.467     8.870     0.790     0.271     0.000  388827.6  2514663.9  4186172.1
   30.165     6.484     8.893     0.790     0.271     0.000  390772.5  2533930.0  4184020.9
   31.033     6.498     8.912     0.790     0.271     0.000  392261.5  2548794.7  4184473.5
   31.902     6.506     8.923     0.790     0.271     0.000  393203.4  2558313.4  4186151.1
   32.771     6.511     8.929     0.790     0.271     0.000  393633.6  2562780.2  4189297.8
   33.640     6.512     8.931     0.790     0.271     0.000  393705.6  2563648.3  4195556.4
   34.510     6.511     8.930     0.790     0.271     0.000  393646.9  2563113.2  4206925.7
   35.380     6.511     8.930     0.790     0.271     0.000  393686.7  2563416.2  4224406.5
   36.250     6.513     8.933     0.790     0.271     0.000  393957.8  2565877.3  4246944.7
   37.120     6.516     8.937     0.790     0.271     0.000  394410.6  2570033.4  4247677.3
   37.990     6.518     8.940     0.790     0.271     0.000  394797.0  2573472.5  4273124.5
   38.861     6.517     8.938     0.790     0.271     0.000  394749.9  2572632.6  4287984.9
   39.732     6.510     8.928     0.790     0.271     0.000  393941.3  2564366.2  4291192.8
   40.603     6.495     8.907     0.790     0.271     0.000  392236.0  2547452.0  4282848.3
   41.474     6.474     8.879     0.790     0.271     0.000  389770.3  2523321.8  4265941.1
   42.345     6.450     8.846     0.790     0.271     0.000  386923.6  2495727.2  4245196.9
   43.216     6.428     8.816     0.790     0.271     0.000  384199.9  2469539.5  4225642.3
   44.087     6.410     8.792     0.790     0.271     0.000  382062.6  2449153.2  4211156.0
   44.958     6.400     8.778     0.790     0.271     0.000  380781.8  2437059.2  4203366.4
   45.829     6.397     8.774     0.790     0.271     0.000  380353.8  2433134.2  4201279.8
   46.700     6.399     8.776     0.790     0.271     0.000  380535.1  2435007.3  4201932.6
   47.571     6.403     8.782     0.790     0.271     0.000  380982.6  2439391.9  4201933.4
   48.442     6.407     8.787     0.790     0.271     0.000  381424.0  2443689.2  4199170.4
   49.313     6.410     8.791     0.790     0.271     0.000  381761.4  2446946.1  4193715.4
   50.184     6.412     8.794     0.790     0.271     0.000  382053.0  2449694.5  4187408.4
   51.055     6.414     8.797     0.790     0.271     0.000  382403.2  2452923.8  4182407.0
   51.927     6.418     8.802     0.790     0.271     0.000  382833.1  2456859.3  4179498.5
   52.799     6.420     8.805     0.790     0.271     0.000  383200.3  2460194.0  4177077.4
   53.671     6.420     8.805     0.790     0.271     0.000  383222.6  2460291.9  4171406.6
   54.543     6.415     8.798     0.790     0.271     0.000  382602.4  2454334.8  4158231.5
   55.415     6.403     8.782     0.790     0.271     0.000  381187.2  2440847.1  4134907.1
   56.287     6.386     8.758     0.790     0.271     0.000  379067.3  2420646.6  4125345.4
   57.159     6.365     8.729     0.790     0.271     0.000  376547.3  2396603.2  4080895.9
   58.031     6.343     8.700     0.790     0.271     0.000  374021.8  2372455.1  4037934.9
   58.903     6.324     8.673     0.790     0.271     0.000  371822.0  2351334.3  3999458.1
   59.776     6.308     8.652     0.790     0.271     0.000  370107.8  2334743.4  3968598.8
   60.649     6.296     8.635     0.790     0.271     0.000  368844.4  2322341.3  3946171.5
   61.521     6.286     8.622     0.790     0.271     0.000  367840.8  2312330.6  3930922.8
   62.393     6.276     8.608     0.790     0.271     0.000  366842.6  2302328.6  3920369.8
   63.265     6.264     8.591     0.790     0.271     0.000  365624.0  2290247.3  3911828.1
   64.137     6.249     8.570     0.790     0.271     0.000  364040.2  2274789.1  3903064.2
   65.009     6.230     8.545     0.790     0.271     0.000  362043.4  2255577.6  3892611.5
   65.882     6.208     8.515     0.790     0.271     0.000  359667.9  2232986.8  3879803.5
   66.754     6.185     8.482     0.790     0.271     0.000  357016.6  2207994.6  3864727.6
   67.627     6.159     8.448     0.790     0.271     0.000  354212.2  2181723.7  3847922.5
   68.499     6.134     8.413     0.790     0.271     0.000  351400.6  2155477.6  3830316.4
   69.371     6.109     8.379     0.790     0.271     0.000  348708.5  2130365.5  3812842.7
   70.243     6.086     8.347     0.790     0.271     0.000  346239.8  2107305.7  3772951.3
   71.115     6.066     8.319     0.790     0.271     0.000  344059.0  2086893.4  3785647.9
   71.987     6.047     8.294     0.790     0.271     0.000  342181.8  2069311.1  3745222.3
   72.859     6.032     8.273     0.790     0.271     0.000  340589.0  2054407.0  3735662.6
   73.731     6.019     8.255     0.790     0.271     0.000  339230.7  2041695.1  3723880.7
   74.603     6.007     8.238     0.790     0.271     0.000  338035.1  2030445.0  3711321.5
   75.475     5.995     8.222     0.790     0.271     0.000  336908.1  2019711.8  3720851.4
   76.347     5.982     8.204     0.790     0.271     0.000  335733.5  2008377.0  3676688.1
   77.220     5.967     8.184     0.790     0.271     0.000  334376.6  1995205.7  3683928.4
   78.093     5.948     8.158     0.790     0.271     0.000  332688.7  1978906.5  3657442.3
   78.967     5.925     8.126     0.790     0.271     0.000  330530.7  1958341.5  3629061.5
   79.841     5.896     8.087     0.790     0.271     0.000  327817.0  1932912.1  3596511.1
   80.716     5.863     8.041     0.790     0.271     0.000  324547.5  1902811.4  3560342.5
   81.589     5.826     7.991     0.790     0.271     0.000  320935.5  1869860.5  3522837.3
   82.461     5.788     7.939     0.791     0.271     0.000  317479.9  1837671.3  3488266.2
   83.333     5.751     7.891     0.791     0.271     0.000  314006.2  1805884.4  3457103.7
   84.205     5.717     7.847     0.792     0.272     0.000  310785.4  1776732.3  3432423.8
   85.076     5.687     7.809     0.792     0.272     0.000  307975.7  1751447.8  3415981.0
   85.947     5.661     7.776     0.792     0.272     0.000  305611.7  1730166.4  3407813.7
   86.820     5.639     7.747     0.798     0.275     0.000  307880.1  1736187.4  3407068.6
   87.692     5.615     7.746     0.798     0.275     0.000  305498.4  1715490.0  3409578.6
   88.565     5.595     7.717     0.798     0.275     0.000  303730.5  1699269.3  3414941.5
   89.439     5.576     7.693     0.798     0.275     0.000  302144.2  1684666.8  3421157.9
   90.313     5.558     7.669     0.798     0.275     0.000  300649.9  1670931.5  3426710.7
   91.187     5.540     7.646     0.799     0.276     0.000  299175.8  1657511.2  3430349.9
   92.062     5.523     7.624     0.799     0.276     0.000  297700.9  1644266.1  3431148.4
   92.937     5.507     7.603     0.799     0.276     0.000  296254.8  1631484.5  3428673.5
   93.812     5.493     7.584     0.799     0.276     0.000  294900.0  1619741.8  3423201.4
   94.687     5.481     7.569     0.799     0.276     0.000  293718.7  1609777.3  3415835.3
   95.562     5.472     7.559     0.799     0.276     0.000  292786.4  1602253.4  3408284.5
   96.437     5.468     7.553     0.799     0.276     0.000  292136.0  1597460.6  3402241.0
   97.312     5.468     7.553     0.799     0.276     0.000  291737.1  1595140.2  3398689.3
   98.187     5.470     7.556     0.799     0.276     0.000  291511.5  1594561.3  3397551.4
   99.062     5.473     7.561     0.799     0.276     0.000  291366.8  1594771.7  3397797.4
   99.937     5.476     7.565     0.799     0.276     0.000  291219.2  1594820.8  3397852.5
  100.812     5.477     7.566     0.799     0.276     0.000  291000.8  1593895.4  3396097.2
  101.687     5.475     7.563     0.799     0.276     0.000  290659.7  1591388.0  3391276.4
  102.562     5.469     7.555     0.799     0.276     0.000  290161.9  1586938.8  3382697.2
  103.437     5.459     7.541     0.800     0.276     0.000  289492.0  1580415.8  3370128.8
  104.312     5.446     7.523     0.800     0.276     0.000  288647.9  1571851.7  3353529.9
  105.187     5.428     7.501     0.800     0.276     0.000  287644.9  1561450.7  3332938.6
  106.062     5.409     7.474     0.800     0.277     0.000  286532.0  1549712.5  3308693.9
  106.937     5.387     7.446     0.801     0.277     0.000  285403.6  1537518.6  3281743.6
  107.812     5.366     7.419     0.801     0.277     0.000  284385.5  1526015.1  3253683.4
  108.687     5.347     7.394     0.801     0.277     0.000  283591.1  1516279.4  3226402.3
  109.562     5.331     7.373     0.801     0.277     0.000  283068.5  1508926.0  3201518.1
  110.437     5.318     7.357     0.801     0.277     0.000  282763.4  1503829.8  3203333.1
  111.312     5.310     7.346     0.802     0.277     0.000  282521.8  1500121.3  3179866.4
  112.187     5.304     7.339     0.802     0.277     0.000  282149.4  1496548.7  3161506.3
  113.062     5.300     7.334     0.802     0.277     0.000  281496.5  1492017.1  3145121.1
  113.937     5.297     7.330     0.802     0.277     0.000  280526.3  1486057.0  3129564.8
  114.812     5.295     7.327     0.802     0.277     0.000  279321.2  1478923.8  3114103.9
  115.687     5.292     7.323     0.802     0.277     0.000  278030.2  1471312.3  3098609.0
  116.562     5.289     7.319     0.802     0.277     0.000  276796.1  1463920.5  3083388.2
  117.437     5.285     7.314     0.802     0.277     0.000  275704.8  1457118.3  3068958.9
  118.312     5.280     7.307     0.802     0.277     0.000  274764.1  1450789.6  3055778.2
  119.187     5.273     7.298     0.802     0.278     0.000  273903.1  1444326.7  3043961.0
  120.061     5.263     7.285     0.802     0.278     0.000  272998.9  1436813.1  3033156.4
  120.935     5.249     7.266     0.802     0.278     0.000  271922.2  1427364.4  3022687.3
  121.809     5.231     7.243     0.808     0.281     0.000  274439.1  1435684.2  3032110.9
  122.683     5.207     7.238     0.808     0.281     0.000  272306.5  1417832.2  3017046.8
  123.557     5.182     7.204     0.808     0.281     0.000  270449.5  1401497.4  3004513.4
  124.431     5.158     7.173     0.808     0.281     0.000  268704.1  1386105.5  2993036.9
  125.305     5.136     7.144     0.809     0.281     0.000  267123.3  1372054.6  2981986.2
  126.178     5.115     7.117     0.809     0.281     0.000  265643.2  1358818.5  2969910.1
  127.051     5.093     7.087     0.809     0.282     0.000  264085.6  1344946.4  2954865.1
  127.924     5.066     7.052     0.809     0.282     0.000  262185.6  1328344.0  2934918.0
  128.797     5.033     7.007     0.810     0.282     0.000  259663.9  1306877.4  2908736.3
  129.670     4.990     6.951     0.812     0.283     0.000  257773.6  1286390.6  2883310.6
  130.543     4.937     6.890     0.815     0.285     0.000  255109.1  1259458.3  2852291.2
  131.416     4.874     6.819     0.819     0.287     0.000  251887.5  1227764.1  2818077.4
  132.288     4.805     6.742     0.823     0.290     0.000  248253.3  1192868.8  2782543.9
  133.160     4.732     6.661     0.827     0.292     0.000  244386.3  1156454.3  2747430.9
  134.032     4.658     6.579     0.831     0.294     0.000  240394.3  1119701.0  2713890.1
  134.904     4.584     6.498     0.835     0.297     0.000  236327.1  1083389.2  2682655.1
  135.776     4.514     6.421     0.839     0.299     0.000  232234.9  1048293.2  2654486.2
  136.648     4.449     6.351     0.842     0.302     0.000  228241.2  1015552.1  2630649.7
  137.520     4.394     6.291     0.845     0.303     0.000  224549.0   986595.7  2612973.8
  138.391     4.349     6.243     0.848     0.305     0.000  221391.5   962800.1  2603480.3
  139.262     4.316     6.210     0.850     0.306     0.000  218954.3   945045.6  2603734.5
  140.133     4.296     6.190     0.850     0.307     0.000  217336.8   933621.3  2614251.6
  141.004     4.287     6.183     0.851     0.307     0.000  216534.0   928190.7  2610526.9
  141.875     4.287     6.185     0.851     0.307     0.000  216447.6   927913.0  2641536.4
  142.746     4.295     6.196     0.850     0.306     0.000  216919.9   931648.1  2673508.3
  143.617     4.308     6.212     0.849     0.306     0.000  217776.7   938210.6  2705100.2
  144.487     4.325     6.232     0.848     0.305     0.000  218866.0   946598.4  2734156.6
  145.357     4.345     6.254     0.847     0.305     0.000  220090.9   956224.1  2760053.3
  146.227     4.367     6.280     0.846     0.304     0.000  221419.1   966987.5  2783184.4
  147.097     4.394     6.311     0.844     0.303     0.000  222874.4   979228.7  2804480.4
  147.967     4.425     6.347     0.843     0.302     0.000  224512.3   993531.4  2824986.8
  148.838     4.463     6.391     0.840     0.300     0.000  226386.6  1010445.6  2845630.4
  149.708     4.508     6.442     0.838     0.299     0.000  228508.1  1030112.0  2866916.8
  150.578     4.558     6.499     0.835     0.297     0.000  230837.3  1052205.4  2888893.2
  151.448     4.612     6.560     0.832     0.295     0.000  233290.8  1075919.8  2911039.3
  152.318     4.666     6.620     0.829     0.293     0.000  235755.8  1100123.2  2932458.3
  153.188     4.719     6.677     0.826     0.292     0.000  238126.5  1123700.8  2952391.9
  154.058     4.768     6.730     0.823     0.290     0.000  240347.7  1145992.4  2970821.0
  154.928     4.814     6.780     0.821     0.288     0.000  242449.7  1167148.9  2988769.0
  155.798     4.859     6.828     0.819     0.287     0.000  244552.9  1188208.8  3008069.2
  156.668     4.905     6.880     0.816     0.286     0.000  246838.7  1210834.1  3030812.6
  157.538     4.957     6.938     0.813     0.284     0.000  249495.1  1236797.4  3058894.3
  158.408     5.016     7.004     0.810     0.282     0.000  252780.2  1268015.4  3094426.1
  159.278     5.083     7.079     0.809     0.282     0.000  258603.6  1314353.7  3147839.8
  160.148     5.152     7.171     0.808     0.281     0.000  264764.3  1363991.8  3208143.7
  161.018     5.221     7.262     0.802     0.278     0.000  267309.5  1395501.8  3255337.1
  161.888     5.289     7.322     0.802     0.277     0.000  273947.7  1448855.2  3329236.4
  162.757     5.348     7.402     0.801     0.277     0.000  279736.6  1496157.3  3400626.6
  163.626     5.398     7.466     0.800     0.277     0.000  284738.3  1537145.4  3467779.9
  164.495     5.439     7.518     0.800     0.276     0.000  288854.2  1571052.2  3528127.7
  165.364     5.471     7.559     0.799     0.276     0.000  292081.6  1597877.2  3580006.2
  166.234     5.494     7.590     0.799     0.276     0.000  294450.5  1617849.8  3622477.2
  167.104     5.511     7.610     0.799     0.276     0.000  295990.6  1631126.1  3654998.6
  167.973     5.520     7.621     0.799     0.276     0.000  296740.3  1637889.1  3677364.3
  168.841     5.521     7.623     0.799     0.276     0.000  296753.1  1638440.5  3689450.7
  169.709     5.516     7.615     0.799     0.276     0.000  296095.1  1633206.9  3690948.0
  170.578     5.504     7.599     0.799     0.276     0.000  294839.4  1622703.3  3681303.2
  171.447     5.485     7.575     0.799     0.276     0.000  293065.9  1607538.6  3660022.8
  172.312     5.461     7.543     0.800     0.276     0.000  290868.6  1588485.1  3627288.5
  173.177     5.432     7.505     0.800     0.276     0.000  288327.6  1566244.1  3583941.6
  174.039     5.399     7.462     0.800     0.277     0.000  285549.1  1541789.4  3532226.5
  174.899     5.364     7.415     0.801     0.277     0.000  282633.3  1516079.2  3475159.1
  175.759     5.328     7.368     0.801     0.277     0.000  279669.9  1490000.8  3416134.4
  176.615     5.292     7.320     0.802     0.277     0.000  276749.9  1464445.4  3358897.5
  177.474     5.256     7.274     0.802     0.278     0.000  273896.7  1439665.5  3305873.7
  178.328     5.222     7.230     0.808     0.281     0.000  274993.2  1436072.4  3279944.7
  179.184     5.185     7.209     0.808     0.281     0.000  271679.9  1408695.7  3236996.1
  180.037     5.150     7.161     0.808     0.281     0.000  268796.8  1384280.0  3201976.0
  180.890     5.116     7.116     0.809     0.281     0.000  265997.9  1360738.1  3171412.8
  181.744     5.082     7.072     0.809     0.282     0.000  263252.2  1337846.1  3143177.7
  182.596     5.050     7.029     0.810     0.282     0.000  260572.2  1315780.1  3115837.5
  183.452     5.019     6.989     0.811     0.282     0.000  258300.0  1296349.6  3090343.3
  184.306     4.990     6.954     0.812     0.283     0.000  256807.6  1281493.4  3068827.2
  185.162     4.963     6.926     0.814     0.284     0.000  255099.8  1266084.5  3047036.2
  186.019     4.938     6.899     0.815     0.285     0.000  253472.5  1251697.6  3027801.6
  186.874     4.915     6.874     0.816     0.286     0.000  251873.1  1237980.3  3011866.9
  187.728     4.893     6.850     0.817     0.286     0.000  250321.0  1224849.9  2999634.3
  188.584     4.871     6.827     0.819     0.287     0.000  248799.3  1212015.2  2990558.7
  189.437     4.850     6.803     0.820     0.288     0.000  247310.2  1199378.5  2983584.1
  190.293     4.827     6.778     0.821     0.289     0.000  245848.9  1186820.1  2977342.7
  191.147     4.805     6.753     0.822     0.289     0.000  244434.9  1174503.1  2970678.1
  192.001     4.783     6.729     0.824     0.290     0.000  243089.8  1162623.5  2962818.3
  192.859     4.761     6.705     0.825     0.291     0.000  241826.9  1151349.1  2953395.1
  193.714     4.741     6.683     0.826     0.291     0.000  240660.6  1140890.3  2942523.8
  194.571     4.722     6.663     0.827     0.292     0.000  239572.6  1131151.8  2930461.3
  195.430     4.703     6.643     0.828     0.293     0.000  238518.4  1121847.3  2917601.6
  196.288     4.686     6.623     0.829     0.293     0.000  237436.3  1112534.9  2904448.1
  197.150     4.667     6.603     0.830     0.294     0.000  236244.0  1102579.1  2891381.1
  198.013     4.647     6.580     0.831     0.294     0.000  234867.9  1091419.7  2878807.0
  198.877     4.624     6.554     0.832     0.295     0.000  233255.3  1078614.4  2866917.8
  199.746     4.598     6.524     0.834     0.296     0.000  231375.1  1063866.4  2855533.6
  200.615     4.568     6.490     0.835     0.297     0.000  229245.7  1047265.8  2844148.2
  201.483     4.535     6.453     0.837     0.298     0.000  226914.2  1029117.1  2831834.7
  202.351     4.499     6.413     0.839     0.300     0.000  224445.7  1009882.3  2817551.8
  203.218     4.462     6.370     0.841     0.301     0.000  221929.0   990207.1  2800651.6
  204.086     4.423     6.327     0.844     0.302     0.000  219453.0   970722.0  2781126.9
  204.954     4.385     6.285     0.846     0.304     0.000  217103.7   952049.4  2759721.1
  205.822     4.348     6.244     0.848     0.305     0.000  214944.7   934651.7  2737573.2
  206.689     4.313     6.206     0.850     0.306     0.000  213012.7   918820.1  2715860.4
  207.556     4.281     6.170     0.851     0.307     0.000  211311.4   904625.7  2695459.3
  208.423     4.251     6.137     0.853     0.308     0.000  209821.9   892017.1  2676938.1
  209.290     4.225     6.109     0.855     0.309     0.000  208526.1   880979.3  2660666.8
  210.157     4.202     6.085     0.856     0.310     0.000  207443.5   871765.4  2647096.6
  211.024     4.186     6.068     0.857     0.311     0.000  206663.1   865087.2  2637126.9
  211.891     4.178     6.061     0.857     0.311     0.000  206340.1   862078.2  2632318.4
  212.757     4.181     6.067     0.857     0.311     0.000  206643.5   863945.1  2634682.0
  213.623     4.196     6.087     0.856     0.310     0.000  207673.6   871412.1  2645982.3
  214.489     4.223     6.120     0.854     0.309     0.000  209383.8   884208.9  2666832.1
  215.355     4.258     6.162     0.852     0.308     0.000  211549.9   900841.9  2696018.3
  216.221     4.297     6.206     0.850     0.306     0.000  213817.0   918855.5  2730571.6
  217.087     4.335     6.247     0.848     0.305     0.000  215805.9   935468.6  2766605.8
  217.953     4.366     6.280     0.846     0.304     0.000  217221.0   948298.2  2800688.6
  218.819     4.387     6.301     0.845     0.303     0.000  217913.5   955886.6  2831818.1
  219.685     4.396     6.308     0.845     0.303     0.000  217881.2   957829.1  2857752.8
  220.551     4.394     6.303     0.845     0.303     0.000  217220.8   954526.0  2879185.1
  221.416     4.382     6.287     0.846     0.304     0.000  216065.9   946760.1  2897080.2
  222.282     4.360     6.260     0.847     0.304     0.000  214531.6   935266.7  2911890.3
  223.148     4.328     6.223     0.849     0.306     0.000  212700.8   920616.9  2923143.9
  224.014     4.288     6.176     0.851     0.307     0.000  210629.0   903271.0  2929886.3
  224.879     4.242     6.122     0.854     0.309     0.000  208373.4   883850.3  2931312.5
  225.744     4.191     6.064     0.857     0.311     0.000  206021.2   863365.0  2927428.5
  226.609     4.140     6.007     0.860     0.313     0.000  203723.6   843437.1  2919378.2
  227.474     4.096     5.960     0.862     0.314     0.000  201716.8   826271.6  2909470.8
  228.339     4.066     5.929     0.864     0.315     0.000  200314.8   814384.8  2900777.7
  229.204     4.053     5.920     0.864     0.316     0.000  199847.1   810055.0  2896348.7
  230.069     4.062     5.935     0.863     0.315     0.000  200544.6   814650.5  2898282.6
  230.933     4.091     5.973     0.861     0.314     0.000  202438.0   828182.1  2907055.8
  231.797     4.136     6.028     0.859     0.312     0.000  205347.8   849358.7  2921408.8
  232.662     4.192     6.093     0.855     0.310     0.000  208949.7   875969.6  2938764.5
  233.527     4.253     6.162     0.852     0.308     0.000  212856.1   905305.0  2956008.4
  234.392     4.313     6.229     0.849     0.305     0.000  216706.8   934738.2  2970527.6
  235.257     4.369     6.290     0.846     0.303     0.000  220233.6   962186.0  2980963.8
  236.121     4.418     6.342     0.843     0.302     0.000  223296.9   986425.4  2987419.6
  236.985     4.459     6.386     0.841     0.300     0.000  225907.4  1007297.3  2991151.7
  237.849     4.494     6.424     0.839     0.299     0.000  228192.8  1025480.7  2993957.4
  238.713     4.524     6.456     0.837     0.298     0.000  230336.3  1042118.0  2997493.3
  239.577     4.552     6.487     0.836     0.297     0.000  232506.2  1058368.1  3002733.6
  240.441     4.579     6.516     0.834     0.296     0.000  234806.6  1075096.3  3009705.4
  241.305     4.606     6.546     0.833     0.295     0.000  237267.8  1092798.7  3017551.9
  242.169     4.634     6.578     0.831     0.295     0.000  239852.7  1111585.1  3024750.0
  243.033     4.665     6.613     0.829     0.293     0.000  242460.8  1131118.2  3029432.6
  243.897     4.697     6.648     0.828     0.292     0.000  244933.4  1150544.7  3029870.8
  244.761     4.730     6.684     0.826     0.291     0.000  247073.1  1168540.3  3025106.5
  245.625     4.759     6.716     0.824     0.290     0.000  248687.7  1183585.1  3016516.0
  246.489     4.784     6.742     0.823     0.290     0.000  249646.8  1194421.1  3005374.5
  247.353     4.803     6.761     0.822     0.289     0.000  249931.4  1200532.7  2993382.2
  248.216     4.816     6.774     0.821     0.289     0.000  249657.0  1202438.7  2983365.7
  249.079     4.825     6.782     0.821     0.288     0.000  249052.0  1201615.7  2977518.6
  249.943     4.831     6.789     0.821     0.288     0.000  248398.1  1200040.2  2977404.9
  250.807     4.838     6.797     0.820     0.288     0.000  247961.2  1199614.7  2984374.7
  251.670     4.847     6.807     0.820     0.288     0.000  247929.7  1201700.5  2999962.1
  252.533     4.859     6.821     0.819     0.287     0.000  248391.7  1206972.1  3025763.7
  253.396     4.875     6.839     0.818     0.287     0.000  249351.5  1215558.7  3062661.8
  254.259     4.894     6.861     0.817     0.286     0.000  250754.5  1227230.6  3111704.4
  255.122     4.916     6.887     0.816     0.285     0.000  252493.6  1241384.6  3166410.8
  255.986     4.941     6.913     0.814     0.285     0.000  254397.3  1256898.5  3220427.8
  256.849     4.965     6.939     0.813     0.284     0.000  256222.4  1272038.2  3266600.0
  257.712     4.986     6.962     0.812     0.283     0.000  257717.0  1284931.9  3299452.2
  258.575     5.002     6.978     0.811     0.283     0.000  258709.4  1294175.7  3316455.7
  259.438     5.013     6.989     0.811     0.282     0.000  259167.5  1299245.6  3318318.7
  260.301     5.017     6.992     0.810     0.282     0.000  259169.5  1300337.1  3307996.3
  261.164     5.015     6.987     0.811     0.282     0.000  258822.2  1297902.5  3289158.9
  262.027     5.005     6.975     0.811     0.283     0.000  258205.0  1292339.3  3264988.0
  262.890     4.989     6.956     0.812     0.283     0.000  257361.4  1283934.8  3237745.0
  263.752     4.966     6.930     0.814     0.284     0.000  256314.9  1272955.8  3209053.3
  264.614     4.939     6.898     0.815     0.285     0.000  255084.4  1259738.0  3180329.5
  265.476     4.907     6.862     0.817     0.286     0.000  253703.6  1244834.4  3153241.6
  266.338     4.873     6.825     0.819     0.287     0.000  252233.1  1229053.5  3129647.4
  267.201     4.839     6.788     0.821     0.288     0.000  250752.6  1213332.8  3111193.2
  268.063     4.807     6.754     0.822     0.289     0.000  249345.4  1198595.5  3098901.2
  268.925     4.779     6.723     0.824     0.290     0.000  248074.1  1185488.8  3092729.1
  269.787     4.755     6.699     0.825     0.291     0.000  246971.0  1174358.6  3091586.7
  270.649     4.736     6.679     0.826     0.291     0.000  246043.4  1165301.7  3093643.1
  271.511     4.722     6.665     0.827     0.292     0.000  245285.0  1158281.4  3096887.5
  272.374     4.713     6.656     0.827     0.292     0.000  244688.1  1153241.5  3099701.9
  273.236     4.709     6.653     0.827     0.292     0.000  244254.2  1150191.3  3101168.9
  274.098     4.710     6.655     0.827     0.292     0.000  243988.4  1149140.0  3101086.2
  274.960     4.715     6.662     0.827     0.292     0.000  243888.7  1150005.5  3099694.9
  275.822     4.725     6.673     0.826     0.292     0.000  243935.3  1152528.7  3097383.9
  276.684     4.737     6.687     0.826     0.291     0.000  244088.3  1156260.8  3094418.0
  277.546     4.751     6.703     0.825     0.291     0.000  244295.9  1160645.4  3090767.4
  278.408     4.765     6.719     0.824     0.290     0.000  244508.2  1165137.6  3086075.2
  279.270     4.779     6.733     0.823     0.290     0.000  244688.4  1169304.5  3079790.3
  280.132     4.791     6.746     0.823     0.289     0.000  244816.2  1172869.6  3071419.1
  280.993     4.801     6.757     0.822     0.289     0.000  244884.2  1175694.8  3060797.0
  281.854     4.809     6.766     0.822     0.289     0.000  244896.8  1177789.7  3048244.5
  282.716     4.816     6.773     0.821     0.289     0.000  244881.5  1179377.6  3035433.7
  283.578     4.822     6.779     0.821     0.288     0.000  244900.3  1180969.4  3023345.7
  284.440     4.829     6.787     0.821     0.288     0.000  245047.3  1183357.2  3013549.5
  285.301     4.838     6.798     0.820     0.288     0.000  245429.4  1187453.6  3008080.6
  286.162     4.851     6.813     0.819     0.287     0.000  246135.0  1194034.2  3008530.6
  287.024     4.868     6.833     0.818     0.287     0.000  247207.5  1203484.1  3015786.5
  287.886     4.889     6.856     0.817     0.286     0.000  248628.5  1215621.0  3029852.8
  288.748     4.913     6.883     0.816     0.285     0.000  250329.9  1229793.2  3049932.4
  289.610     4.937     6.909     0.815     0.285     0.000  252219.1  1245141.5  3074656.5
  290.472     4.960     6.934     0.813     0.284     0.000  254204.3  1260891.1  3102319.0
  291.334     4.982     6.958     0.812     0.283     0.000  256205.4  1276494.9  3131159.1
  292.195     5.003     6.980     0.811     0.283     0.000  258145.2  1291514.2  3160276.2
  293.056     5.022     7.001     0.810     0.282     0.000  259962.6  1305572.9  3187181.0
  293.917     5.039     7.019     0.810     0.282     0.000  262050.9  1320475.4  3213604.1
  294.775     5.052     7.036     0.810     0.282     0.000  263652.3  1332083.3  3236117.9
  295.630     5.063     7.049     0.810     0.282     0.000  264804.9  1340597.4  3256011.8
  296.486     5.070     7.060     0.809     0.282     0.000  265600.0  1346683.1  3274817.2
  297.336     5.077     7.068     0.809     0.282     0.000  266175.5  1351320.3  3293486.5
  298.187     5.083     7.076     0.809     0.282     0.000  266669.1  1355468.3  3312311.1
  299.041     5.089     7.084     0.809     0.282     0.000  267130.9  1359441.0  3330055.8
  299.891     5.094     7.091     0.809     0.282     0.000  267501.9  1362768.4  3344010.9
  300.743     5.098     7.096     0.809     0.282     0.000  267664.3  1364586.2  3351204.6
