Actuator disc model data for turbine  1 :
--------------------------------------------
    Time      Ur        Uinf      Ct_adm    a        Yaw(deg)  Thrust     Power     wf_power  
    1.730     8.267     8.267     0.790     0.271     0.000  640374.1  5293973.3  *********
    2.595     7.641    10.480     0.780     0.266     0.000  531883.1  4064124.3  8302987.0
    3.460     7.288     9.924     0.790     0.271     0.000  496991.7  3622062.3  7482792.2
    4.316     7.077     9.706     0.790     0.271     0.000  468505.9  3315575.4  6911991.3
    5.159     6.941     9.519     0.790     0.271     0.000  450492.2  3126700.4  6561746.0
    6.000     6.833     9.371     0.790     0.271     0.000  436369.9  2981577.3  6293764.4
    6.845     6.740     9.244     0.790     0.271     0.000  424338.4  2859958.8  6063014.4
    7.689     6.663     9.138     0.790     0.271     0.000  414476.6  2761582.6  5870399.4
    8.538     6.601     9.053     0.790     0.271     0.000  406648.5  2684337.8  5715859.8
    9.391     6.551     8.985     0.790     0.271     0.000  400339.5  2622682.2  5591481.8
   10.247     6.508     8.925     0.790     0.271     0.000  394846.6  2569469.2  5483858.9
   11.109     6.466     8.868     0.790     0.271     0.000  389626.7  2519257.4  5381462.8
   11.972     6.424     8.811     0.790     0.271     0.000  384495.6  2470158.6  5279980.8
   12.834     6.383     8.755     0.790     0.271     0.000  379468.0  2422255.1  5180137.3
   13.695     6.343     8.700     0.790     0.271     0.000  374630.2  2376348.4  5085023.4
   14.557     6.305     8.647     0.790     0.271     0.000  370054.3  2333112.6  4997630.8
   15.420     6.269     8.597     0.790     0.271     0.000  365785.5  2292959.5  4919942.5
   16.286     6.235     8.551     0.790     0.271     0.000  361805.5  2255694.0  4852008.1
   17.153     6.202     8.506     0.790     0.271     0.000  358055.5  2220743.7  4792479.4
   18.020     6.171     8.463     0.790     0.271     0.000  354411.6  2186938.0  4738482.5
   18.887     6.138     8.419     0.790     0.271     0.000  350703.5  2152708.5  4686406.0
   19.754     6.104     8.371     0.790     0.271     0.000  346755.7  2116470.1  4632979.9
   20.621     6.066     8.319     0.790     0.271     0.000  342430.1  2077017.7  4576216.1
   21.488     6.023     8.261     0.790     0.271     0.000  337661.8  2033828.0  4515867.5
   22.355     5.977     8.197     0.790     0.271     0.000  332468.8  1987135.9  4453235.5
   23.222     5.927     8.129     0.790     0.271     0.000  326939.8  1937807.2  4390624.7
   24.089     5.875     8.058     0.790     0.271     0.000  321212.2  1887127.4  4330875.7
   24.956     5.822     7.985     0.790     0.271     0.000  315584.8  1837385.0  4277815.6
   25.824     5.770     7.915     0.791     0.271     0.000  310569.8  1792035.2  4236123.2
   26.692     5.721     7.851     0.791     0.272     0.000  305788.0  1749305.4  4204343.3
   27.560     5.676     7.793     0.792     0.272     0.000  301477.4  1711142.0  4183325.6
   28.429     5.637     7.744     0.798     0.275     0.000  301963.1  1702313.9  4195429.2
   29.297     5.603     7.728     0.798     0.275     0.000  298345.4  1671508.2  4186172.1
   30.165     5.577     7.693     0.798     0.275     0.000  295883.3  1650090.9  4184020.9
   31.033     5.559     7.672     0.798     0.275     0.000  294217.0  1635678.8  4184473.5
   31.902     5.550     7.660     0.798     0.276     0.000  293306.0  1627837.8  4186151.1
   32.771     5.548     7.658     0.798     0.276     0.000  293146.0  1626517.6  4189297.8
   33.640     5.555     7.668     0.798     0.275     0.000  293761.4  1631908.1  4195556.4
   34.510     5.570     7.687     0.798     0.275     0.000  295131.6  1643812.6  4206925.7
   35.380     5.590     7.715     0.798     0.275     0.000  297113.6  1660990.3  4224406.5
   36.250     5.614     7.746     0.798     0.275     0.000  299431.2  1681067.4  4246944.7
   37.120     5.638     7.776     0.792     0.272     0.000  297580.5  1677643.8  4247677.3
   37.990     5.662     7.778     0.792     0.272     0.000  300193.4  1699652.0  4273124.5
   38.861     5.680     7.803     0.792     0.272     0.000  301984.5  1715352.2  4287984.9
   39.732     5.694     7.820     0.792     0.272     0.000  303288.8  1726826.6  4291192.8
   40.603     5.704     7.833     0.792     0.272     0.000  304254.4  1735396.3  4282848.3
   41.474     5.712     7.844     0.792     0.272     0.000  305065.1  1742619.3  4265941.1
   42.345     5.720     7.854     0.791     0.272     0.000  305839.4  1749469.6  4245196.9
   43.216     5.728     7.864     0.791     0.272     0.000  306600.3  1756102.8  4225642.3
   44.087     5.734     7.872     0.791     0.272     0.000  307290.3  1762002.8  4211156.0
   44.958     5.738     7.878     0.791     0.272     0.000  307808.4  1766307.2  4203366.4
   45.829     5.740     7.879     0.791     0.272     0.000  308050.5  1768145.5  4201279.8
   46.700     5.738     7.877     0.791     0.272     0.000  307943.8  1766925.3  4201932.6
   47.571     5.732     7.869     0.791     0.272     0.000  307471.5  1762541.4  4201933.4
   48.442     5.724     7.858     0.791     0.272     0.000  306685.2  1755481.1  4199170.4
   49.313     5.714     7.845     0.792     0.272     0.000  305699.8  1746769.3  4193715.4
   50.184     5.704     7.832     0.792     0.272     0.000  304664.7  1737713.9  4187408.4
   51.055     5.694     7.820     0.792     0.272     0.000  303716.4  1729483.2  4182407.0
   51.927     5.687     7.810     0.792     0.272     0.000  302923.4  1722639.2  4179498.5
   52.799     5.680     7.802     0.792     0.272     0.000  302255.9  1716883.4  4177077.4
   53.671     5.674     7.793     0.792     0.272     0.000  301590.8  1711114.7  4171406.6
   54.543     5.665     7.782     0.792     0.272     0.000  300766.2  1703896.6  4158231.5
   55.415     5.653     7.766     0.792     0.272     0.000  299649.8  1694060.0  4134907.1
   56.287     5.638     7.746     0.798     0.275     0.000  302363.1  1704698.8  4125345.4
   57.159     5.615     7.745     0.798     0.275     0.000  299958.7  1684292.8  4080895.9
   58.031     5.592     7.714     0.798     0.275     0.000  297824.0  1665479.9  4037934.9
   58.903     5.571     7.686     0.798     0.275     0.000  295845.4  1648123.8  3999458.1
   59.776     5.553     7.663     0.798     0.275     0.000  294217.4  1633855.4  3968598.8
   60.649     5.541     7.647     0.799     0.276     0.000  293074.9  1623830.2  3946171.5
   61.521     5.534     7.639     0.799     0.276     0.000  292481.7  1618592.2  3930922.8
   62.393     5.533     7.638     0.799     0.276     0.000  292426.8  1618041.1  3920369.8
   63.265     5.537     7.644     0.799     0.276     0.000  292842.5  1621580.7  3911828.1
   64.137     5.545     7.655     0.798     0.276     0.000  293621.6  1628275.1  3903064.2
   65.009     5.556     7.669     0.798     0.275     0.000  294637.3  1637033.8  3892611.5
   65.882     5.568     7.685     0.798     0.275     0.000  295765.1  1646816.7  3879803.5
   66.754     5.580     7.701     0.798     0.275     0.000  296896.0  1656733.0  3864727.6
   67.627     5.592     7.716     0.798     0.275     0.000  297956.3  1666198.9  3847922.5
   68.499     5.603     7.731     0.798     0.275     0.000  298901.0  1674838.9  3830316.4
   69.371     5.614     7.744     0.798     0.275     0.000  299715.2  1682477.2  3812842.7
   70.243     5.622     7.756     0.792     0.272     0.000  296247.4  1665645.6  3772951.3
   71.115     5.634     7.741     0.798     0.275     0.000  301545.1  1698754.6  3785647.9
   71.987     5.637     7.775     0.792     0.272     0.000  297324.2  1675911.2  3745222.3
   72.859     5.642     7.751     0.792     0.272     0.000  298005.8  1681255.6  3735662.6
   73.731     5.643     7.754     0.792     0.272     0.000  298103.2  1682185.6  3723880.7
   74.603     5.641     7.751     0.792     0.272     0.000  297962.2  1680876.5  3711321.5
   75.475     5.637     7.746     0.798     0.275     0.000  301775.8  1701139.6  3720851.4
   76.347     5.627     7.762     0.792     0.272     0.000  296481.5  1668311.1  3676688.1
   77.220     5.621     7.723     0.798     0.275     0.000  300422.9  1688722.8  3683928.4
   78.093     5.610     7.739     0.798     0.275     0.000  299214.7  1678535.8  3657442.3
   78.967     5.599     7.724     0.798     0.275     0.000  298383.1  1670720.1  3629061.5
   79.841     5.590     7.711     0.798     0.275     0.000  297620.8  1663599.0  3596511.1
   80.716     5.582     7.701     0.798     0.275     0.000  296960.1  1657531.1  3560342.5
   81.589     5.576     7.694     0.798     0.275     0.000  296441.0  1652976.8  3522837.3
   82.461     5.574     7.691     0.798     0.275     0.000  296134.8  1650594.9  3488266.2
   83.333     5.576     7.694     0.798     0.275     0.000  296144.2  1651219.3  3457103.7
   84.205     5.583     7.703     0.798     0.275     0.000  296583.2  1655691.5  3432423.8
   85.076     5.595     7.719     0.798     0.275     0.000  297530.3  1664533.1  3415981.0
   85.947     5.611     7.741     0.798     0.275     0.000  298982.0  1677647.3  3407813.7
   86.820     5.632     7.768     0.792     0.272     0.000  296692.6  1670881.2  3407068.6
   87.692     5.658     7.774     0.792     0.272     0.000  299389.2  1694088.6  3409578.6
   88.565     5.685     7.810     0.792     0.272     0.000  301801.6  1715672.2  3414941.5
   89.439     5.710     7.842     0.792     0.272     0.000  304130.2  1736491.1  3421157.9
   90.313     5.732     7.871     0.791     0.272     0.000  306290.2  1755779.2  3426710.7
   91.187     5.752     7.897     0.791     0.271     0.000  308206.4  1772838.7  3430349.9
   92.062     5.768     7.917     0.791     0.271     0.000  309792.0  1786882.3  3431148.4
   92.937     5.779     7.931     0.791     0.271     0.000  310970.6  1797189.0  3428673.5
   93.812     5.786     7.939     0.791     0.271     0.000  311712.6  1803459.6  3423201.4
   94.687     5.788     7.941     0.791     0.271     0.000  312058.4  1806058.1  3415835.3
   95.562     5.786     7.939     0.791     0.271     0.000  312119.1  1806031.2  3408284.5
   96.437     5.784     7.936     0.791     0.271     0.000  312040.9  1804780.4  3402241.0
   97.312     5.781     7.933     0.791     0.271     0.000  311952.1  1803549.1  3398689.3
   98.187     5.780     7.932     0.791     0.271     0.000  311920.0  1802990.1  3397551.4
   99.062     5.780     7.931     0.791     0.271     0.000  311936.0  1803025.7  3397797.4
   99.937     5.780     7.932     0.791     0.271     0.000  311934.4  1803031.7  3397852.5
  100.812     5.779     7.931     0.791     0.271     0.000  311829.7  1802201.8  3396097.2
  101.687     5.777     7.927     0.791     0.271     0.000  311553.2  1799888.3  3391276.4
  102.562     5.773     7.922     0.791     0.271     0.000  311070.7  1795758.4  3382697.2
  103.437     5.766     7.913     0.791     0.271     0.000  310374.4  1789713.0  3370128.8
  104.312     5.757     7.901     0.791     0.271     0.000  309458.0  1781678.2  3353529.9
  105.187     5.746     7.886     0.791     0.271     0.000  308303.2  1771487.9  3332938.6
  106.062     5.732     7.868     0.791     0.272     0.000  306890.8  1758981.4  3308693.9
  106.937     5.715     7.845     0.792     0.272     0.000  305226.8  1744225.0  3281743.6
  107.812     5.695     7.820     0.792     0.272     0.000  303359.2  1727668.4  3253683.4
  108.687     5.674     7.793     0.792     0.272     0.000  301376.2  1710122.9  3226402.3
  109.562     5.654     7.766     0.792     0.272     0.000  299387.6  1692592.1  3201518.1
  110.437     5.634     7.740     0.798     0.275     0.000  301663.6  1699503.3  3203333.1
  111.312     5.612     7.741     0.798     0.275     0.000  299308.3  1679745.1  3179866.4
  112.187     5.595     7.717     0.798     0.275     0.000  297599.2  1664957.6  3161506.3
  113.062     5.581     7.700     0.798     0.275     0.000  296209.6  1653104.0  3145121.1
  113.937     5.570     7.686     0.798     0.275     0.000  295072.4  1643507.8  3129564.8
  114.812     5.560     7.673     0.798     0.275     0.000  294079.9  1635180.1  3114103.9
  115.687     5.551     7.661     0.798     0.275     0.000  293143.9  1627296.7  3098609.0
  116.562     5.542     7.649     0.799     0.276     0.000  292224.4  1619467.7  3083388.2
  117.437     5.532     7.637     0.799     0.276     0.000  291340.8  1611840.7  3068958.9
  118.312     5.524     7.626     0.799     0.276     0.000  290558.8  1604988.6  3055778.2
  119.187     5.517     7.617     0.799     0.276     0.000  289959.1  1599634.3  3043961.0
  120.061     5.512     7.611     0.799     0.276     0.000  289602.8  1596343.3  3033156.4
  120.935     5.510     7.609     0.799     0.276     0.000  289509.0  1595322.8  3022687.3
  121.809     5.511     7.610     0.799     0.276     0.000  289655.8  1596426.8  3032110.9
  122.683     5.515     7.615     0.799     0.276     0.000  289989.5  1599214.6  3017046.8
  123.557     5.519     7.621     0.799     0.276     0.000  290432.0  1603016.0  3004513.4
  124.431     5.524     7.627     0.799     0.276     0.000  290880.1  1606931.5  2993036.9
  125.305     5.528     7.632     0.799     0.276     0.000  291216.2  1609931.5  2981986.2
  126.178     5.530     7.635     0.799     0.276     0.000  291335.4  1611091.6  2969910.1
  127.051     5.529     7.633     0.799     0.276     0.000  291182.7  1609918.7  2954865.1
  127.924     5.525     7.628     0.799     0.276     0.000  290778.3  1606574.0  2934918.0
  128.797     5.520     7.620     0.799     0.276     0.000  290216.5  1601858.9  2908736.3
  129.670     5.514     7.613     0.799     0.276     0.000  289630.9  1596920.0  2883310.6
  130.543     5.509     7.606     0.799     0.276     0.000  289146.8  1592832.9  2852291.2
  131.416     5.506     7.602     0.799     0.276     0.000  288848.7  1590313.3  2818077.4
  132.288     5.505     7.602     0.799     0.276     0.000  288774.9  1589675.0  2782543.9
  133.160     5.506     7.604     0.799     0.276     0.000  288934.1  1590976.6  2747430.9
  134.032     5.510     7.609     0.799     0.276     0.000  289324.1  1594189.1  2713890.1
  134.904     5.516     7.616     0.799     0.276     0.000  289938.2  1599265.9  2682655.1
  135.776     5.524     7.627     0.799     0.276     0.000  290770.4  1606193.0  2654486.2
  136.648     5.534     7.641     0.799     0.276     0.000  291829.6  1615097.6  2630649.7
  137.520     5.548     7.659     0.798     0.276     0.000  293157.5  1626378.1  2612973.8
  138.391     5.565     7.681     0.798     0.275     0.000  294827.6  1640680.3  2603480.3
  139.262     5.586     7.709     0.798     0.275     0.000  296919.9  1658688.9  2603734.5
  140.133     5.612     7.743     0.798     0.275     0.000  299460.2  1680630.3  2614251.6
  141.004     5.642     7.782     0.792     0.272     0.000  298200.4  1682336.2  2610526.9
  141.875     5.677     7.798     0.792     0.272     0.000  301871.4  1713623.4  2641536.4
  142.746     5.709     7.842     0.792     0.272     0.000  305082.0  1741860.2  2673508.3
  143.617     5.738     7.879     0.791     0.272     0.000  307911.8  1766889.6  2705100.2
  144.487     5.762     7.910     0.791     0.271     0.000  310230.8  1787558.2  2734156.6
  145.357     5.781     7.934     0.791     0.271     0.000  312046.2  1803829.2  2760053.3
  146.227     5.795     7.951     0.790     0.271     0.000  313425.0  1816196.9  2783184.4
  147.097     5.805     7.964     0.790     0.271     0.000  314443.1  1825251.7  2804480.4
  147.967     5.811     7.972     0.790     0.271     0.000  315158.7  1831455.4  2824986.8
  148.838     5.815     7.976     0.790     0.271     0.000  315618.4  1835184.7  2845630.4
  149.708     5.815     7.977     0.790     0.271     0.000  315865.1  1836804.8  2866916.8
  150.578     5.813     7.974     0.790     0.271     0.000  315938.8  1836687.8  2888893.2
  151.448     5.810     7.970     0.790     0.271     0.000  315862.6  1835119.5  2911039.3
  152.318     5.805     7.963     0.790     0.271     0.000  315646.2  1832335.1  2932458.3
  153.188     5.800     7.956     0.790     0.271     0.000  315307.3  1828691.0  2952391.9
  154.058     5.795     7.950     0.790     0.271     0.000  314898.1  1824828.7  2970821.0
  154.928     5.792     7.947     0.791     0.271     0.000  314509.5  1821620.1  2988769.0
  155.798     5.791     7.946     0.791     0.271     0.000  314239.8  1819860.4  3008069.2
  156.668     5.793     7.949     0.791     0.271     0.000  314156.7  1819978.6  3030812.6
  157.538     5.797     7.954     0.790     0.271     0.000  314292.9  1822096.9  3058894.3
  158.408     5.804     7.963     0.790     0.271     0.000  314683.0  1826410.7  3094426.1
  159.278     5.813     7.975     0.790     0.271     0.000  315395.3  1833486.1  3147839.8
  160.148     5.826     7.992     0.790     0.271     0.000  316521.1  1844151.8  3208143.7
  161.018     5.844     8.015     0.790     0.271     0.000  318259.7  1859835.3  3255337.1
  161.888     5.866     8.045     0.790     0.271     0.000  320578.6  1880381.2  3329236.4
  162.757     5.891     8.079     0.790     0.271     0.000  323293.2  1904469.3  3400626.6
  163.626     5.918     8.117     0.790     0.271     0.000  326227.5  1930634.5  3467779.9
  164.495     5.945     8.154     0.790     0.271     0.000  329172.4  1957075.5  3528127.7
  165.364     5.971     8.190     0.790     0.271     0.000  331940.9  1982129.0  3580006.2
  166.234     5.995     8.222     0.790     0.271     0.000  334407.5  2004627.3  3622477.2
  167.104     6.014     8.249     0.790     0.271     0.000  336502.7  2023872.5  3654998.6
  167.973     6.031     8.271     0.790     0.271     0.000  338192.0  2039475.2  3677364.3
  168.841     6.042     8.287     0.790     0.271     0.000  339435.5  2051010.2  3689450.7
  169.709     6.049     8.297     0.790     0.271     0.000  340156.9  2057741.1  3690948.0
  170.578     6.050     8.298     0.790     0.271     0.000  340241.9  2058600.0  3681303.2
  171.447     6.044     8.290     0.790     0.271     0.000  339570.5  2052484.2  3660022.8
  172.312     6.031     8.271     0.790     0.271     0.000  338075.8  2038803.3  3627288.5
  173.177     6.009     8.242     0.790     0.271     0.000  335767.2  2017697.4  3583941.6
  174.039     5.981     8.203     0.790     0.271     0.000  332775.4  1990437.1  3532226.5
  174.899     5.949     8.159     0.790     0.271     0.000  329316.8  1959080.0  3475159.1
  175.759     5.915     8.112     0.790     0.271     0.000  325660.2  1926133.7  3416134.4
  176.615     5.881     8.066     0.790     0.271     0.000  322118.5  1894452.2  3358897.5
  177.474     5.851     8.025     0.790     0.271     0.000  318936.1  1866208.3  3305873.7
  178.328     5.827     7.992     0.790     0.271     0.000  316422.4  1843872.3  3279944.7
  179.184     5.810     7.968     0.790     0.271     0.000  314708.2  1828300.3  3236996.1
  180.037     5.798     7.953     0.790     0.271     0.000  313524.1  1817696.0  3201976.0
  180.890     5.790     7.944     0.791     0.271     0.000  312728.0  1810674.7  3171412.8
  181.744     5.784     7.936     0.791     0.271     0.000  312113.1  1805331.5  3143177.7
  182.596     5.779     7.929     0.791     0.271     0.000  311504.2  1800057.4  3115837.5
  183.452     5.772     7.921     0.791     0.271     0.000  310808.7  1793993.7  3090343.3
  184.306     5.765     7.911     0.791     0.271     0.000  310050.5  1787333.8  3068827.2
  185.162     5.757     7.902     0.791     0.271     0.000  309328.3  1780951.7  3047036.2
  186.019     5.752     7.895     0.791     0.271     0.000  308783.6  1776104.0  3027801.6
  186.874     5.749     7.891     0.791     0.271     0.000  308540.9  1773886.6  3011866.9
  187.728     5.750     7.893     0.791     0.271     0.000  308656.8  1774784.5  2999634.3
  188.584     5.754     7.898     0.791     0.271     0.000  309105.4  1778543.5  2990558.7
  189.437     5.760     7.905     0.791     0.271     0.000  309780.2  1784205.6  2983584.1
  190.293     5.766     7.913     0.791     0.271     0.000  310539.5  1790522.6  2977342.7
  191.147     5.771     7.920     0.791     0.271     0.000  311228.4  1796175.0  2970678.1
  192.001     5.775     7.925     0.791     0.271     0.000  311728.4  1800194.8  2962818.3
  192.859     5.776     7.927     0.791     0.271     0.000  311969.5  1802046.0  2953395.1
  193.714     5.776     7.926     0.791     0.271     0.000  311934.4  1801633.4  2942523.8
  194.571     5.773     7.922     0.791     0.271     0.000  311661.1  1799309.5  2930461.3
  195.430     5.770     7.918     0.791     0.271     0.000  311227.9  1795754.3  2917601.6
  196.288     5.766     7.914     0.791     0.271     0.000  310746.3  1791913.2  2904448.1
  197.150     5.764     7.911     0.791     0.271     0.000  310337.5  1788802.0  2891381.1
  198.013     5.764     7.910     0.791     0.271     0.000  310118.8  1787387.3  2878807.0
  198.877     5.766     7.913     0.791     0.271     0.000  310168.1  1788303.3  2866917.8
  199.746     5.770     7.919     0.791     0.271     0.000  310503.3  1791667.2  2855533.6
  200.615     5.777     7.927     0.791     0.271     0.000  311062.2  1796882.4  2844148.2
  201.483     5.783     7.936     0.791     0.271     0.000  311711.7  1802717.6  2831834.7
  202.351     5.789     7.943     0.791     0.271     0.000  312286.1  1807669.5  2817551.8
  203.218     5.791     7.946     0.791     0.271     0.000  312638.4  1810444.5  2800651.6
  204.086     5.790     7.944     0.791     0.271     0.000  312690.7  1810405.0  2781126.9
  204.954     5.785     7.938     0.791     0.271     0.000  312448.8  1807671.7  2759721.1
  205.822     5.779     7.929     0.791     0.271     0.000  311982.3  1802921.5  2737573.2
  206.689     5.771     7.919     0.791     0.271     0.000  311387.3  1797040.3  2715860.4
  207.556     5.763     7.909     0.791     0.271     0.000  310752.4  1790833.7  2695459.3
  208.423     5.755     7.899     0.791     0.271     0.000  310144.6  1784921.1  2676938.1
  209.290     5.748     7.890     0.791     0.271     0.000  309601.6  1779687.5  2660666.8
  210.157     5.743     7.883     0.791     0.272     0.000  309138.9  1775331.1  2647096.6
  211.024     5.739     7.878     0.791     0.272     0.000  308772.3  1772039.7  2637126.9
  211.891     5.737     7.876     0.791     0.272     0.000  308549.8  1770240.2  2632318.4
  212.757     5.739     7.878     0.791     0.272     0.000  308567.4  1770736.9  2634682.0
  213.623     5.744     7.885     0.791     0.271     0.000  308950.7  1774570.2  2645982.3
  214.489     5.754     7.898     0.791     0.271     0.000  309806.9  1782623.2  2666832.1
  215.355     5.769     7.918     0.791     0.271     0.000  311172.6  1795176.4  2696018.3
  216.221     5.788     7.944     0.791     0.271     0.000  312992.4  1811716.1  2730571.6
  217.087     5.811     7.972     0.790     0.271     0.000  315141.9  1831137.2  2766605.8
  217.953     5.834     8.003     0.790     0.271     0.000  317508.2  1852390.3  2800688.6
  218.819     5.858     8.035     0.790     0.271     0.000  320208.7  1875931.5  2831818.1
  219.685     5.883     8.069     0.790     0.271     0.000  322941.7  1899923.8  2857752.8
  220.551     5.909     8.104     0.790     0.271     0.000  325732.7  1924659.1  2879185.1
  221.416     5.935     8.140     0.790     0.271     0.000  328600.0  1950320.1  2897080.2
  222.282     5.962     8.177     0.790     0.271     0.000  331513.0  1976623.6  2911890.3
  223.148     5.989     8.214     0.790     0.271     0.000  334358.9  2002527.0  2923143.9
  224.014     6.014     8.248     0.790     0.271     0.000  336986.3  2026615.3  2929886.3
  224.879     6.035     8.277     0.790     0.271     0.000  339245.7  2047462.2  2931312.5
  225.744     6.052     8.301     0.790     0.271     0.000  341034.9  2064063.5  2927428.5
  226.609     6.065     8.318     0.790     0.271     0.000  342308.0  2075941.2  2919378.2
  227.474     6.072     8.328     0.790     0.271     0.000  343079.4  2083199.2  2909470.8
  228.339     6.076     8.333     0.790     0.271     0.000  343409.9  2086392.9  2900777.7
  229.204     6.076     8.333     0.790     0.271     0.000  343382.9  2086293.7  2896348.7
  230.069     6.073     8.330     0.790     0.271     0.000  343077.3  2083632.0  2898282.6
  230.933     6.069     8.324     0.790     0.271     0.000  342543.4  2078873.7  2907055.8
  231.797     6.062     8.315     0.790     0.271     0.000  341784.6  2072050.1  2921408.8
  232.662     6.054     8.302     0.790     0.271     0.000  340759.4  2062795.0  2938764.5
  233.527     6.042     8.286     0.790     0.271     0.000  339421.6  2050703.4  2956008.4
  234.392     6.027     8.266     0.790     0.271     0.000  337771.1  2035789.4  2970527.6
  235.257     6.010     8.243     0.790     0.271     0.000  335887.6  2018777.9  2980963.8
  236.121     5.992     8.219     0.790     0.271     0.000  333918.2  2000994.2  2987419.6
  236.985     5.975     8.195     0.790     0.271     0.000  332019.8  1983854.4  2991151.7
  237.849     5.959     8.173     0.790     0.271     0.000  330316.2  1968476.7  2993957.4
  238.713     5.946     8.155     0.790     0.271     0.000  328864.4  1955375.3  2997493.3
  239.577     5.934     8.139     0.790     0.271     0.000  327643.5  1944365.5  3002733.6
  240.441     5.924     8.125     0.790     0.271     0.000  326558.1  1934609.0  3009705.4
  241.305     5.914     8.111     0.790     0.271     0.000  325453.9  1924753.2  3017551.9
  242.169     5.902     8.095     0.790     0.271     0.000  324144.3  1913164.9  3024750.0
  243.033     5.887     8.074     0.790     0.271     0.000  322454.6  1898314.3  3029432.6
  243.897     5.868     8.048     0.790     0.271     0.000  320284.8  1879326.0  3029870.8
  244.761     5.844     8.015     0.790     0.271     0.000  317675.6  1856566.2  3025106.5
  245.625     5.819     7.980     0.790     0.271     0.000  315015.4  1832931.0  3016516.0
  246.489     5.794     7.947     0.791     0.271     0.000  312575.8  1810953.4  3005374.5
  247.353     5.773     7.921     0.791     0.271     0.000  310559.6  1792849.5  2993382.2
  248.216     5.759     7.903     0.791     0.271     0.000  309232.4  1780927.0  2983365.7
  249.079     5.753     7.896     0.791     0.271     0.000  308679.1  1775902.8  2977518.6
  249.943     5.755     7.899     0.791     0.271     0.000  308853.6  1777364.7  2977404.9
  250.807     5.763     7.910     0.791     0.271     0.000  309689.9  1784760.0  2984374.7
  251.670     5.778     7.930     0.791     0.271     0.000  311202.9  1798261.6  2999962.1
  252.533     5.802     7.961     0.790     0.271     0.000  313491.3  1818791.6  3025763.7
  253.396     5.833     8.003     0.790     0.271     0.000  316639.9  1847103.1  3062661.8
  254.259     5.872     8.054     0.790     0.271     0.000  320914.9  1884473.8  3111704.4
  255.122     5.914     8.111     0.790     0.271     0.000  325515.7  1925026.2  3166410.8
  255.986     5.953     8.164     0.790     0.271     0.000  329843.5  1963529.4  3220427.8
  256.849     5.984     8.207     0.790     0.271     0.000  333298.1  1994561.8  3266600.0
  257.712     6.005     8.235     0.790     0.271     0.000  335496.2  2014520.2  3299452.2
  258.575     6.013     8.246     0.790     0.271     0.000  336331.4  2022279.9  3316455.7
  259.438     6.010     8.243     0.790     0.271     0.000  335952.1  2019073.1  3318318.7
  260.301     5.999     8.227     0.790     0.271     0.000  334671.1  2007659.2  3307996.3
  261.164     5.982     8.205     0.790     0.271     0.000  332850.8  1991256.4  3289158.9
  262.027     5.963     8.179     0.790     0.271     0.000  330804.1  1972648.8  3264988.0
  262.890     5.943     8.151     0.790     0.271     0.000  328750.3  1953810.2  3237745.0
  263.752     5.924     8.124     0.790     0.271     0.000  326835.6  1936097.4  3209053.3
  264.614     5.906     8.101     0.790     0.271     0.000  325174.9  1920591.5  3180329.5
  265.476     5.892     8.081     0.790     0.271     0.000  323889.1  1908407.2  3153241.6
  266.338     5.882     8.068     0.790     0.271     0.000  323094.6  1900593.9  3129647.4
  267.201     5.878     8.062     0.790     0.271     0.000  322868.9  1897860.4  3111193.2
  268.063     5.879     8.063     0.790     0.271     0.000  323219.3  1900305.8  3098901.2
  268.925     5.885     8.072     0.790     0.271     0.000  324064.9  1907240.3  3092729.1
  269.787     5.895     8.085     0.790     0.271     0.000  325244.3  1917228.1  3091586.7
  270.649     5.905     8.099     0.790     0.271     0.000  326543.3  1928341.4  3093643.1
  271.511     5.915     8.112     0.790     0.271     0.000  327741.7  1938606.1  3096887.5
  272.374     5.922     8.122     0.790     0.271     0.000  328663.7  1946460.4  3099701.9
  273.236     5.926     8.128     0.790     0.271     0.000  329204.0  1950977.6  3101168.9
  274.098     5.927     8.129     0.790     0.271     0.000  329340.1  1951946.3  3101086.2
  274.960     5.924     8.125     0.790     0.271     0.000  329112.2  1949689.3  3099694.9
  275.822     5.919     8.117     0.790     0.271     0.000  328597.9  1944855.2  3097383.9
  276.684     5.911     8.107     0.790     0.271     0.000  327880.8  1938157.3  3094418.0
  277.546     5.902     8.095     0.790     0.271     0.000  327020.0  1930122.0  3090767.4
  278.408     5.892     8.081     0.790     0.271     0.000  326032.0  1920937.5  3086075.2
  279.270     5.880     8.065     0.790     0.271     0.000  324895.2  1910485.8  3079790.3
  280.132     5.867     8.047     0.790     0.271     0.000  323575.9  1898549.6  3071419.1
  280.993     5.853     8.028     0.790     0.271     0.000  322063.8  1885102.2  3060797.0
  281.854     5.838     8.007     0.790     0.271     0.000  320391.1  1870454.8  3048244.5
  282.716     5.823     7.986     0.790     0.271     0.000  318764.8  1856056.1  3035433.7
  283.578     5.808     7.967     0.790     0.271     0.000  317214.0  1842376.3  3023345.7
  284.440     5.795     7.950     0.790     0.271     0.000  315809.5  1830192.3  3013549.5
  285.301     5.786     7.938     0.791     0.271     0.000  314683.6  1820627.0  3008080.6
  286.162     5.780     7.931     0.791     0.271     0.000  313933.1  1814496.3  3008530.6
  287.024     5.779     7.930     0.791     0.271     0.000  313617.7  1812302.4  3015786.5
  287.886     5.782     7.935     0.791     0.271     0.000  313759.5  1814231.8  3029852.8
  288.748     5.790     7.945     0.791     0.271     0.000  314342.5  1820139.1  3049932.4
  289.610     5.802     7.961     0.790     0.271     0.000  315309.1  1829515.0  3074656.5
  290.472     5.817     7.980     0.790     0.271     0.000  316553.8  1841427.9  3102319.0
  291.334     5.833     8.002     0.790     0.271     0.000  317943.1  1854664.2  3131159.1
  292.195     5.849     8.022     0.790     0.271     0.000  319477.8  1868762.0  3160276.2
  293.056     5.864     8.043     0.790     0.271     0.000  320859.4  1881608.1  3187181.0
  293.917     5.878     8.061     0.790     0.271     0.000  322083.6  1893128.7  3213604.1
  294.775     5.891     8.079     0.790     0.271     0.000  323238.0  1904034.7  3236117.9
  295.630     5.904     8.097     0.790     0.271     0.000  324452.1  1915414.4  3256011.8
  296.486     5.918     8.116     0.790     0.271     0.000  325828.6  1928134.2  3274817.2
  297.336     5.933     8.137     0.790     0.271     0.000  327366.6  1942166.2  3293486.5
  298.187     5.948     8.158     0.790     0.271     0.000  328988.0  1956842.8  3312311.1
  299.041     5.962     8.177     0.790     0.271     0.000  330513.9  1970614.9  3330055.8
  299.891     5.973     8.192     0.790     0.271     0.000  331690.1  1981242.5  3344010.9
  300.743     5.979     8.200     0.790     0.271     0.000  332282.6  1986618.4  3351204.6
